scaling_min 4.5
scaling_max 5.2
num_runs 100
num_evidence_var 3
max_iter 100
ev_prob_list mc_rt_list mc_me_list qinf_rt_list qinf_me_list
0.0020700344001309792 0.276165198 0.00039995656336661023 1.6640891400000002 0.00039995656336661023
0.0035283438311317066 0.15122275200000002 5.271485654989583e-06 1.32764784 5.271485655655717e-06
0.0071415862206658815 0.142672372 0.010399960374290229 0.6827270400000001 0.009600039625710433
2.252167771802891e-05 39.580455752 0.010195349103746837 15.25628436 0.015195349103746897
0.005050854375759379 0.17387029799999998 0.004734291143482561 0.8724316200000001 0.009734291143483231
0.00032064930296261143 1.273348723 0.02377244849623178 4.0884252 0.031227551503768547
2.2521592353071996e-06 160.480938609 7.227062948089724e-09 47.44094064 0.00999999277293706
2.667455069086379e-05 15.746675036000001 0.0421473922430895 16.252220280000003 0.00785260775691099
5.27522518350493e-06 137.504336305 0.030000011920928937 30.19213092 0.06000001192092941
2.1423041265423134e-06 310.017394932 0.024999996274709613 51.14644638 0.0399999962747096
0.0006986033708510058 0.677427727 0.002806704829167228 2.68318356 0.017806704829167908
4.808528861843489e-05 5.2913240230000005 0.0 14.746784100000001 6.661338147750939e-16
0.00013856477739103705 4.881777956 0.012446714592237118 6.39377808 0.10255328540776315
2.473267337282674e-07 1851.23847186 0.001973059648985087 181.8370428 0.016973059648985767
0.0002029236502113714 2.0212109419999997 9.66571041538522e-07 6.58790712 9.665710422046558e-07
1.0528683390967073e-05 66.40963115699999 0.013355943420730099 23.50754628 0.03335594342073045
3.3614284194089206e-07 2030.156716227 0.00012481809179165637 111.77420784 0.005124818091792327
0.006212626364164306 0.146966054 0.002390359614020664 0.8650642800000001 0.0026096403859799944
0.007307562470825523 0.122571622 5.724794796879706e-06 0.669072 5.72479479754584e-06
4.662506271236918e-06 116.439434119 0.00016615800821251359 39.10249848 0.00016615800821317972
1.2270164498342998e-06 267.059839671 0.00016615800821251359 76.54543944 0.00016615800821317972
9.903384158260047e-05 7.689208418 0.0013538075558203744 8.582732459999999 0.058646192444179845
4.484784042994358e-06 158.304913172 0.001992928767053481 49.373621039999996 0.0019929287670541473
9.562939716456044e-05 5.131758885 0.0135198129994345 8.45675976 0.001480187000565479
0.0004152922480305938 1.168928715 7.036611740396381e-06 3.71648496 7.036611741062515e-06
5.642488932290665e-06 69.95434909800001 0.025000011920928933 29.01297624 0.06000001192092941
1.1337419299753787e-07 6417.608256354 0.00026892216281482195 231.57904734000002 0.0002689221628154881
0.008963850043164513 0.111338657 0.01481497634343714 0.5511703200000001 0.010185023656563597
1.4951085314012294e-06 121.803895799 0.000134225346508976 64.31203296 0.00013422534650964213
0.0008440356202557245 0.5476644589999999 0.00015063240028956315 2.3750984400000004 0.00015063240029022928
0.005671875739853881 0.14241067300000002 0.009192594494047301 0.91473348 0.004192594494047963
1.1364619216084855e-06 270.233831576 0.03999999403953569 68.11749912 0.08000000596046453
6.096566536343922e-07 453.724007071 0.01155355850517948 86.858169 0.0015535585051794799
6.447410173625318e-06 115.22770131600001 0.00020487682132974694 33.59955714 0.00020487682133041307
2.3386783370208203e-06 301.54360719 0.0007127383029260637 47.94700152 0.0007127383029267298
0.00825820330611317 0.10137441900000001 0.0001324037579270021 0.72669348 0.00013240375792766823
6.426292149227566e-05 4.991991689000001 0.0001251218297309009 9.845508240000001 0.00012512182973156705
0.00640935086960735 0.109513998 0.0016013160100603052 0.72160578 0.0016013160100609714
0.00039064280711569087 1.5265865120000002 0.00012611370620507767 3.72410328 0.0001261137062057438
8.599984116443928e-07 893.934823176 0.00020681347385353988 80.51994792 0.000206813473854206
2.6725105015107204e-07 1779.772366266 0.00958937528836179 158.54135279999997 0.005410624711638307
1.4824561114147519e-05 19.201158979 0.00020391894348659179 21.434751719999998 0.00020391894348725792
0.0003570606146483447 1.8842723510000001 0.0430281732516786 3.7241740800000005 0.0469718267483219
1.3055383757907494e-05 23.571132997 0.0001559051563562175 21.77623884 0.00015590515635688362
1.928916208582107e-07 3367.498214321 0.00012787211478426652 159.96062922 0.00012787211478493266
5.5193257902152095e-06 151.981405739 0.0001302649487437968 30.14267994 0.00013026494874446293
3.930501821695907e-06 206.429986272 0.01746408654933064 35.53972272 0.012535913450670066
5.9015946514567716e-06 179.522632856 0.012464468830690939 29.283559559999997 0.02253553116930962
0.00961430386096149 0.07796215599999999 0.018806470122510077 0.5609547600000001 0.043806470122510155
0.000451854708845757 0.6843052780000001 0.00012661755451470746 3.11974428 0.0001266175545153736
4.271995974602373e-06 221.725488266 0.0001266118543616912 45.328391579999995 0.00012661185436235733
5.8461565605040625e-06 70.964983155 0.00012661159792592969 39.484211820000006 0.00012661159792659582
5.753237768147967e-06 58.254631034 0.0001249788891282133 30.097240079999995 0.00012497888912887944
0.007599712423762578 0.087303824 0.007535531082903946 0.6349804800000001 0.032535531082904634
1.208759005410136e-06 321.154939385 0.0001249788891281023 94.10056709999999 0.00012497888912876842
1.9405857631035287e-07 3153.209209202 0.010986467492457713 193.00830287999997 0.0809864674924578
1.918879609870551e-05 15.686878128 0.00012696509134468847 17.26090584 0.0001269650913453546
1.972060016291274e-07 3311.930584413 0.001473271179971758 190.99090872000002 0.001473271179972424
0.0004379254070957657 1.647890269 0.00012643410396451227 3.66088032 0.0001264341039651784
9.533807875709397e-07 824.6314222679999 0.012535531169309055 74.39334312 0.0025355311693097127
2.757285530801058e-07 2746.098151827 0.0015774380359171447 159.8477304 0.0015774380359178108
4.089381275979765e-06 153.22533212599998 0.031971826748142695 39.71705099999999 0.003028173251857308
0.006707171802800132 0.07816976699999999 0.01598646749245769 0.7419990000000001 0.009013532507542776
0.00034867286120142496 1.9233559640000002 0.011188081689837981 4.39969908 0.006188081689838532
7.352007599606552e-06 38.852062548 0.0001245473815590925 33.20666736 0.00012454738155975864
4.577939860377286e-06 157.694028476 0.03302817325196358 40.230808020000005 0.0030281732519636118
3.011851818160007e-07 1081.851079408 0.003028173251857197 145.36022832 0.03302817325185725
6.261389434740346e-05 7.386247718 0.0010615213424677583 9.18428346 0.0010615213424678138
1.4671728232520784e-06 212.654765128 0.03098963866145127 65.17999008 0.020989638661451343
3.927575529413814e-06 210.746527406 0.0025355399311473015 39.678639600000004 0.032535539931147994
0.008709600779383575 0.068782908 0.0036709261026919293 0.62373036 0.011329073897307987
1.4610148785946227e-07 6183.260897117 0.000126190201396148 191.97993054 0.00012619020139681414
0.0003129992793681381 1.846263818 0.00018736171912880906 6.417000720000001 0.0001873617191294752
7.781214052059224e-05 9.720330884000001 0.0038091943025701513 10.407308760000001 0.023809194302570197
0.00033222867592449493 2.449377647 0.0011850346525378863 4.23889104 0.01881496534746252
0.0014082301839038465 1.2423791579999999 0.0013289177070894623 1.64189508 0.0013289177070894623
0.00192319626970056 0.44906333 0.03619308424911116 1.7074273200000003 0.06619308424911174
1.4562352298302485e-05 45.988206394 0.01142491341340875 23.922295320000003 0.01142491341340875
7.118421557552945e-05 6.12639944 0.0010014616957566003 10.3355556 0.008998538304243908
8.905402359055092e-05 6.190309086 0.02381497603534055 7.83466356 0.02118502396465949
4.241997400710709e-06 73.06727040700001 0.014013532507542226 40.48757712 0.03901353250754269
7.264518478614441e-05 7.842678168 0.00012626923621417152 9.56447238 0.00012626923621483765
3.294460473186948e-06 147.715050787 0.0001845642345150722 43.60563132 0.00018456423451573833
